youtube_id,zcr_num,zcr_avg,zcr_median,memorability_score
normalize_5s_intro_xhmtXrtLkgo.wav,6084,0.05492711950231482,0.040283203125,0.8974358974358975
normalize_5s_intro_n4HTXYR-2AI.wav,2060,0.01845070167824074,0.0126953125,0.875
normalize_5s_intro_hejXc_FSYb8.wav,8523,0.07688621238425926,0.0732421875,0.8701298701298701
normalize_5s_intro_IYnu4-69fTA.wav,5663,0.051005045572916664,0.047607421875,0.8775510204081632
normalize_5s_intro_RoeRU5zxkak.wav,7183,0.06437400535300926,0.0302734375,0.3835616438356164
normalize_5s_intro_JeGhUESd_1o.wav,4213,0.037975169994212965,0.037841796875,0.6436781609195402
normalize_5s_intro_Ib7m3Qh-4O4.wav,8097,0.07279459635416667,0.071533203125,0.5466666666666666
normalize_5s_intro_gue_crpFdSE.wav,10902,0.09796594690393519,0.09375,0.4117647058823529
normalize_5s_intro_tXvpe2GbUec.wav,5154,0.04643192997685185,0.029541015625,0.7567567567567568
normalize_5s_intro_Js2JQH_kt0I.wav,10458,0.09430383752893519,0.09326171875,0.7195121951219512
normalize_5s_intro_hjIhCG_nIPA.wav,14625,0.13200547960069445,0.08056640625,0.6962025316455697
normalize_5s_intro_UGTYqTKUl8w.wav,12846,0.11589219835069445,0.111083984375,0.76
normalize_5s_intro_thc1MtNagC8.wav,8837,0.07958758318865741,0.07861328125,0.6944444444444444
normalize_5s_intro_GIulOhzXufc.wav,2876,0.02593089916087963,0.025390625,0.6901408450704225
normalize_5s_intro_sjlkxcwhpwA.wav,6946,0.06263337311921297,0.061767578125,0.21978021978021975
normalize_5s_intro_XBTT9tSVsh0.wav,12917,0.11578143084490741,0.06298828125,0.7
normalize_5s_intro_Oq1n8fUxQZc.wav,7571,0.0682101779513889,0.057373046875,0.8777777777777778
normalize_5s_intro_SgJMnEdtTXA.wav,11681,0.10535120081018519,0.09619140625,0.8474576271186439
normalize_5s_intro_Jg9NbDizoPM.wav,4163,0.03750271267361111,0.029296875,0.8181818181818182
normalize_5s_intro_4wgo8K28RNM.wav,9473,0.08528193721064815,0.08349609375,0.6049382716049383
normalize_5s_intro_WJs-_T8I74Y.wav,4232,0.03804750795717592,0.040283203125,0.6142857142857143
normalize_5s_intro_EVSuxb6Ywcg.wav,6569,0.05925157335069445,0.04638671875,0.26881720430107525
normalize_5s_intro_6TT_UgrRHq8.wav,4462,0.04018373842592592,0.033203125,0.6792452830188679
normalize_5s_intro_2JL_KcEzkqg.wav,7427,0.06690583405671297,0.064697265625,0.6410256410256411
normalize_5s_intro_zEWSSod0zTY.wav,6274,0.05658863208912037,0.0546875,0.6349206349206349
normalize_5s_intro_XgwqnGG-pbI.wav,16154,0.14552815755208334,0.146728515625,0.5189873417721519
normalize_5s_intro_7zz-nEVKZdc.wav,4369,0.039374457465277776,0.03955078125,0.7088607594936709
normalize_5s_intro_ZIiQ1jMqhVM.wav,6952,0.06262885199652778,0.0615234375,0.7361111111111112
normalize_5s_intro_xc0sWhVhmkw.wav,9502,0.0857250072337963,0.080322265625,0.6
normalize_5s_intro_R1T_SrdQGH8.wav,17393,0.1567699291087963,0.137939453125,0.9333333333333332
normalize_5s_intro_oQ0O2cd1T04.wav,6918,0.06234402126736111,0.061767578125,0.475609756097561
normalize_5s_intro_co6WMzDOh1o.wav,9856,0.08849419487847222,0.093994140625,0.2268041237113402
normalize_5s_intro_zk04E79riMQ.wav,5823,0.05234555844907408,0.048583984375,0.6344086021505376
normalize_5s_intro_g20t_K9dlhU.wav,6761,0.060901783130787035,0.05224609375,0.8
normalize_5s_intro_Ws-QlpSltr8.wav,8454,0.07592321325231481,0.046142578125,0.859375
normalize_5s_intro_STpRa2JPFA0.wav,4870,0.043834544994212965,0.025390625,0.382716049382716
normalize_5s_intro_IN1f9k8qVDk.wav,11042,0.09922734013310185,0.0986328125,0.5243902439024389
normalize_5s_intro_VVRszjvg3_U.wav,17127,0.15424488208912038,0.15966796875,0.8369565217391305
normalize_5s_intro_Z5gvqq3ChII.wav,11604,0.10451479311342593,0.110107421875,0.875
normalize_5s_intro_KT-m6qTJyN0.wav,14630,0.1317455150462963,0.127197265625,0.6444444444444445
normalize_5s_intro_dvf--10EYXw.wav,4502,0.04036006221064815,0.019775390625,0.42168674698795183
normalize_5s_intro_RLMl1umHgp0.wav,5519,0.049680356626157406,0.031005859375,0.375
normalize_5s_intro_O2q_9lBDM7I.wav,11324,0.10184507016782407,0.10400390625,0.4404761904761905
normalize_5s_intro_0uLI6BnVh6w.wav,6423,0.05783872251157408,0.056640625,0.3855421686746988
normalize_5s_intro_WrDJMxSKlCA.wav,4542,0.04072627314814815,0.03662109375,0.6
normalize_5s_intro_BEo0rqOZIng.wav,7895,0.07118281611689815,0.06005859375,0.875
normalize_5s_intro_Yh78Ll6-ODQ.wav,15254,0.1375755027488426,0.132080078125,0.7083333333333334
normalize_5s_intro_5FYAICvv-d0.wav,6043,0.05449987340856482,0.0380859375,0.5
normalize_5s_intro_6pARjpdqxYQ.wav,6540,0.05892379195601852,0.057861328125,0.5625
normalize_5s_intro_w1G3rqVil1s.wav,4738,0.04268165870949074,0.040771484375,0.7763157894736842
normalize_5s_intro_3DCHLwOqtJs.wav,9411,0.08470097294560185,0.08251953125,0.7702702702702703
normalize_5s_intro_nISI4qF55F4.wav,15185,0.13636384186921297,0.102294921875,0.6986301369863014
normalize_5s_intro_XJT-fM4nBJU.wav,15720,0.14157895688657407,0.1328125,0.8714285714285714
normalize_5s_intro_hjZqVw3qI9E.wav,5512,0.04963062427662037,0.036376953125,0.6271186440677966
normalize_5s_intro_oxKbrl4kyg8.wav,3218,0.02898039641203704,0.02880859375,0.8363636363636363
normalize_5s_intro_2F8Kr91wQ0U.wav,10319,0.09285707826967593,0.0927734375,0.8275862068965517
normalize_5s_intro_1lunUbvf35M.wav,6992,0.06312617549189815,0.058837890625,0.5384615384615384
normalize_5s_intro_D4nWzd63jV4.wav,3050,0.027511031539351853,0.02392578125,0.4666666666666667
normalize_5s_intro_hed6HkYNA7g.wav,5490,0.048778392650462965,0.04345703125,0.6571428571428571
normalize_5s_intro_1kN-34GFMYM.wav,16104,0.14490198206018517,0.14013671875,0.5432098765432098
normalize_5s_intro_VlWs8ey2nyg.wav,15835,0.14259168836805555,0.141357421875,0.9
normalize_5s_intro_j1c70vRHdhQ.wav,5368,0.04837375217013889,0.03759765625,0.8241758241758241
normalize_5s_intro_1juIFmPyG-Y.wav,16330,0.14720097294560186,0.14990234375,0.9285714285714286
normalize_5s_intro_Qr8eZSVaw10.wav,10473,0.09425862630208333,0.098388671875,0.4029850746268657
normalize_5s_intro_TzhhbYS9EO4.wav,14581,0.1313453956886574,0.122314453125,0.4555555555555556
normalize_5s_intro_a8cJLohQ_Jg.wav,7026,0.06333866825810185,0.064208984375,0.5243902439024389
normalize_5s_intro_Xhh3_-JRnDc.wav,4438,0.039984809027777776,0.0380859375,0.95
normalize_5s_intro_72T4j04MS8o.wav,13289,0.11992956090856481,0.112060546875,0.3647058823529412
normalize_5s_intro_bd5m12UEHWI.wav,9351,0.0844455295138889,0.0673828125,0.726027397260274
normalize_5s_intro_VAc0xuVa7jI.wav,7467,0.06715901692708333,0.05810546875,0.96
normalize_5s_intro_PCp2iXA1uLE.wav,10928,0.09843388310185185,0.093017578125,0.6301369863013698
normalize_5s_intro_dtOv6WvJ44w.wav,3344,0.030131022135416668,0.02978515625,0.6578947368421053
normalize_5s_intro_CXm7hPs_als.wav,12650,0.11395941840277778,0.112548828125,0.7605633802816901
normalize_5s_intro_bI7xde9-3BI.wav,10123,0.09111192491319445,0.089111328125,0.5882352941176471
normalize_5s_intro_xQOXxmznGPg.wav,14889,0.13368507667824073,0.12255859375,0.75
normalize_5s_intro_WrRAZVJGImw.wav,13191,0.11846471715856481,0.074951171875,0.7362637362637363
normalize_5s_intro_DGsoqhIUgDQ.wav,2485,0.022415726273148147,0.0205078125,0.7567567567567568
normalize_5s_intro_eXvBjCO19QY.wav,7387,0.06665265118634259,0.04736328125,0.9166666666666666
normalize_5s_intro_hn3wJ1_1Zsg.wav,7139,0.0638766818576389,0.0615234375,0.5733333333333334
normalize_5s_intro_p7j-tz1Cn4o.wav,5591,0.05034948278356482,0.0478515625,0.6
normalize_5s_intro_BrrWNfjgHGs.wav,9094,0.08185040509259259,0.073974609375,0.8607594936708861
normalize_5s_intro_0aC-jOKuBFE.wav,12226,0.10967339409722222,0.09716796875,0.3372093023255814
normalize_5s_intro_E-8pyVBvCPQ.wav,5158,0.046497486255787035,0.039306640625,0.7285714285714285
normalize_5s_intro_u8BxVzRG9bE.wav,8070,0.07275390625,0.0693359375,0.8840579710144928
normalize_5s_intro_2ySLmwsfP4Q.wav,13617,0.12250207971643519,0.126953125,0.92
normalize_5s_intro_C7u6rtswjCU.wav,12075,0.10874430338541667,0.11083984375,0.7802197802197802
normalize_5s_intro_h-nnAeByB1A.wav,6948,0.06255877459490741,0.06005859375,0.8095238095238095
normalize_5s_intro_AjGkbFqi67c.wav,5380,0.048534252025462965,0.044189453125,0.7454545454545455
normalize_5s_intro_bI8-2blisUM.wav,8219,0.07406051070601852,0.053466796875,0.6153846153846154
normalize_5s_intro_IrtcCSE2bVY.wav,10427,0.0939602322048611,0.09326171875,0.472972972972973
normalize_5s_intro_TeH7sCVCMJk.wav,5830,0.052521882233796294,0.048828125,0.8717948717948718
normalize_5s_intro_19Q9l85Feqw.wav,10083,0.09098759403935185,0.066162109375,0.6470588235294118
normalize_5s_intro_9odM1BRqop4.wav,6705,0.060191966869212965,0.0498046875,0.6263736263736264
normalize_5s_intro_aIyqRdrHodE.wav,7255,0.06531665943287036,0.06494140625,0.625
normalize_5s_intro_SQBuVfTX1ME.wav,4769,0.043027524594907406,0.04248046875,0.8
normalize_5s_intro_ZpDQJnI4OhU.wav,6136,0.055300112123842594,0.052001953125,0.6470588235294118
normalize_5s_intro_6MSYrN4YfKY.wav,9350,0.08435962818287036,0.079833984375,0.7042253521126759
normalize_5s_intro_agKkcRXN2iE.wav,5887,0.052675600405092594,0.04150390625,0.37662337662337664
normalize_5s_intro_Stet_4bnclk.wav,6763,0.060953776041666664,0.05615234375,0.5
normalize_5s_intro_ftjEcrrf7r0.wav,5257,0.04725929542824074,0.040771484375,0.5142857142857142
normalize_5s_intro_1X0SdKtnwo8.wav,6026,0.054178873697916664,0.05126953125,0.44
normalize_5s_intro_ulj-L3K_Gzs.wav,12584,0.11328125,0.114990234375,0.6296296296296297
normalize_5s_intro_AoB8koE95C0.wav,10748,0.09656439887152778,0.08935546875,0.5384615384615384
normalize_5s_intro_PQAIxeSIQU4.wav,5130,0.046235261140046294,0.04345703125,0.6949152542372882
normalize_5s_intro_GQT8ejgV2_A.wav,11809,0.10651312934027778,0.080322265625,0.7777777777777778
normalize_5s_intro_feVUoKhP1mE.wav,2920,0.026333279079861112,0.0244140625,0.5180722891566265
normalize_5s_intro_gwsaElRJI2M.wav,4099,0.036946614583333336,0.031005859375,0.6351351351351351
normalize_5s_intro_lYxcW8jtFw0.wav,17337,0.15644440827546297,0.145263671875,0.6263736263736264
normalize_5s_intro_Skt_NKI4d6U.wav,4880,0.04390236183449074,0.024169921875,0.7413793103448276
normalize_5s_intro_99f0oH45TVc.wav,3822,0.03444869429976852,0.02587890625,0.75
normalize_5s_intro_rWznOAwxM1g.wav,6505,0.05869321469907408,0.056396484375,0.7213114754098361
normalize_5s_intro_bwQ49N0jVvE.wav,10270,0.0925586841724537,0.0849609375,0.8472222222222222
normalize_5s_intro_pssWSj42t8M.wav,17164,0.15431495949074073,0.13525390625,0.9310344827586208
normalize_5s_intro_Srp0opA8V8o.wav,9770,0.08808051215277778,0.08349609375,0.4520547945205479
normalize_5s_intro_C5VCGM2J5ls.wav,8734,0.07875343605324074,0.0732421875,0.6071428571428571
normalize_5s_intro_ytq5pGcM77w.wav,12898,0.11612729673032407,0.109619140625,0.625
normalize_5s_intro_F64yFFnZfkI.wav,13091,0.11809624565972222,0.1083984375,0.6935483870967742
normalize_5s_intro_tEW2eRQ-4DY.wav,8273,0.07450810185185185,0.06103515625,0.7126436781609196
normalize_5s_intro_haCay85cpvo.wav,12388,0.1109347873263889,0.087890625,0.4868421052631579
normalize_5s_intro_Ng2JdroNfC0.wav,5373,0.04836470992476852,0.04296875,0.7590361445783133
normalize_5s_intro_OMR2W-7AyYU.wav,7746,0.06982647931134259,0.05712890625,0.7746478873239436
normalize_5s_intro_d6BzCEkGd3I.wav,5026,0.04522705078125,0.046875,0.902439024390244
normalize_5s_intro_HMvXE4Zs6ZA.wav,3674,0.03287534360532408,0.0283203125,0.6081081081081081
normalize_5s_intro_gDevCxVY_wA.wav,5462,0.04911521629050926,0.040771484375,0.5487804878048781
normalize_5s_intro_-MqZKMbOYEA.wav,9380,0.08439353660300926,0.082763671875,0.8082191780821918
normalize_5s_intro_SyZOAgXiPMw.wav,7346,0.06611915870949074,0.055908203125,0.3253012048192771
normalize_5s_intro_Zh3uBgwow8A.wav,11168,0.10063793041087964,0.094482421875,0.8
normalize_5s_intro_aQ06TfyA1Ks.wav,6108,0.05492711950231482,0.052734375,0.5921052631578947
normalize_5s_intro_IpniN1Wq68Y.wav,4600,0.041472258391203706,0.03955078125,0.75
normalize_5s_intro_vMcFA2x23FE.wav,16168,0.14576777705439814,0.12841796875,0.14444444444444446
normalize_5s_intro_1wpJkzCWHcI.wav,9500,0.08565492983217593,0.07958984375,0.5066666666666667
normalize_5s_intro_q_4no3KCrY4.wav,5474,0.049121997974537035,0.044189453125,0.7162162162162162
normalize_5s_intro_RhBb77hG0iw.wav,7224,0.06505669487847222,0.0634765625,0.803030303030303
normalize_5s_intro_wcLXjQLwSBE.wav,6764,0.060976381655092594,0.04931640625,0.6133333333333333
normalize_5s_intro_0EVVKs6DQLo.wav,4534,0.04079635054976852,0.040771484375,0.6779661016949152
normalize_5s_intro_2AWE9tqnDPw.wav,10978,0.09873453776041667,0.075927734375,0.7833333333333333
normalize_5s_intro_hV-FwW1LgxU.wav,7209,0.06470856843171297,0.0615234375,0.5833333333333334
normalize_5s_intro_SubIr_Fyp4M.wav,11351,0.1023220486111111,0.098876953125,0.902439024390244
normalize_5s_intro_gv7BRXvZJbI.wav,10108,0.09120460792824074,0.08984375,0.7042253521126759
normalize_5s_intro_3ObVN3QQiZ8.wav,11868,0.1068431712962963,0.085693359375,0.4430379746835443
normalize_5s_intro_sY5wXfgspQI.wav,3009,0.027013708043981483,0.0234375,0.3947368421052632
normalize_5s_intro_7E_a_VKjcl8.wav,12126,0.10939534505208333,0.101806640625,0.8157894736842105
normalize_5s_intro_WRSeV_27z6k.wav,3736,0.033698187934027776,0.027099609375,0.3690476190476191
normalize_5s_intro_gFnNr5vr5bQ.wav,15139,0.1363819263599537,0.13818359375,0.7692307692307693
normalize_5s_intro_GphIn74Weu0.wav,7598,0.06840006510416667,0.0634765625,0.5408163265306123
normalize_5s_intro_fE2h3lGlOsk.wav,8442,0.07611310040509259,0.07177734375,0.828125
normalize_5s_intro_TFv9Kcym9dg.wav,9735,0.08771656177662036,0.073486328125,0.7142857142857143
normalize_5s_intro_V-ar6MLjy5o.wav,9106,0.08217140480324074,0.072998046875,0.7534246575342466
normalize_5s_intro_7QQzDQceGgU.wav,7994,0.07215033637152778,0.06640625,0.75
normalize_5s_intro_ahpmuikko3U.wav,9572,0.08612060546875,0.076416015625,0.4382022471910113
normalize_5s_intro_hMWoOunsMFM.wav,5759,0.05188440393518518,0.04638671875,0.875
normalize_5s_intro_ey4Fc9DP5Rw.wav,4559,0.04106761791087963,0.037353515625,0.7052631578947368
normalize_5s_intro_yBzk2xXE9yg.wav,8014,0.07189715350115741,0.052490234375,0.5217391304347826
normalize_5s_intro_7pcZIsJNlAs.wav,7563,0.06812653718171297,0.070556640625,0.6857142857142857
normalize_5s_intro_NL2ZHPji3Z0.wav,18534,0.16667118778935186,0.179443359375,0.7872340425531915
normalize_5s_intro_zumMQrI_tMg.wav,15279,0.13782190393518517,0.134765625,0.4819277108433735
normalize_5s_intro_zaCbuB3w0kg.wav,21050,0.18961136429398148,0.18701171875,0.6526315789473685
normalize_5s_intro_Jtv4satRsP0.wav,31597,0.28488950376157407,0.25537109375,0.5595238095238095
normalize_5s_intro_ZvrysfBDzSs.wav,2989,0.02692554615162037,0.0263671875,0.4545454545454545
normalize_5s_intro_RHGfkuJv0j0.wav,11928,0.1075168185763889,0.111572265625,0.6547619047619048
normalize_5s_intro_gyegm85BPPA.wav,9031,0.08147515190972222,0.0771484375,0.8023255813953488
normalize_5s_intro_v0UvOsCi8mc.wav,7816,0.07045039424189815,0.06298828125,0.6049382716049383
normalize_5s_intro_4jvQFLlRQlo.wav,7233,0.0651561595775463,0.064453125,0.5694444444444444
normalize_5s_intro_hHItMz0gfaU.wav,4024,0.03625940393518518,0.03515625,0.676056338028169
normalize_5s_intro_csHiDQXIggE.wav,17240,0.1553932472511574,0.16064453125,0.7529411764705882
normalize_5s_intro_HwcCBnfhsR4.wav,7738,0.06964789496527778,0.05712890625,0.6875
normalize_5s_intro_C90sY_Ht6Ig.wav,2932,0.026414659288194444,0.02490234375,0.4222222222222222
normalize_5s_intro_wAJMhJpSCIc.wav,7449,0.06706181278935185,0.063232421875,0.8666666666666667
normalize_5s_intro_sPlXrbVLdO8.wav,5655,0.05088749638310185,0.048828125,0.4935064935064935
normalize_5s_intro_nFOLhtsyvMA.wav,5871,0.05294460720486111,0.0390625,0.3164556962025317
normalize_5s_intro_FhvXg70ycrM.wav,6373,0.057004575376157406,0.05224609375,0.6285714285714286
normalize_5s_intro_RpJz01guPMY.wav,13786,0.12428340205439815,0.124267578125,0.9113924050632912
normalize_5s_intro_DyQ_9p6y89c.wav,3627,0.03267641420717592,0.03271484375,0.7313432835820896
normalize_5s_intro_Wo2qUD1g7xM.wav,5054,0.045561613859953706,0.04638671875,0.6567164179104478
normalize_5s_intro_9DP0yMwvyWE.wav,6074,0.054685239438657406,0.05908203125,0.4536082474226804
normalize_5s_intro_S2RnxiNJg0M.wav,5188,0.04671676070601852,0.04833984375,0.5569620253164557
normalize_5s_intro_PYM9NUU9Roc.wav,14130,0.12745044849537038,0.1259765625,0.726027397260274
normalize_5s_intro_IISA6t-9zzc.wav,6233,0.056159125434027776,0.051513671875,0.8295454545454546
normalize_5s_intro_YOKq1VmEbtc.wav,7869,0.07084147135416667,0.068603515625,0.4
normalize_5s_intro_uUfPwlxFFJM.wav,10820,0.09748896846064815,0.095458984375,0.7976190476190477
normalize_5s_intro_qAiwzv8N7rM.wav,11765,0.10612205222800926,0.084716796875,0.8767123287671232
normalize_5s_intro_2UL-1MOlSPw.wav,4809,0.043271665219907406,0.04345703125,0.5104166666666666
normalize_5s_intro_lEHM9HZf0IA.wav,7303,0.06585467303240741,0.0625,0.5774647887323944
normalize_5s_intro_YEq-cvq_cK4.wav,8403,0.0756519458912037,0.06591796875,0.632183908045977
normalize_5s_intro_vgZv7Uu4YrA.wav,8361,0.07539424189814815,0.06591796875,0.6125
normalize_5s_intro_HiPkwl5p1GY.wav,15650,0.14112232349537038,0.13623046875,0.8024691358024691
normalize_5s_intro_RCJx5VW-fQI.wav,7840,0.07061089409722222,0.064208984375,0.7246376811594203
normalize_5s_intro_aIJuCcGFJkc.wav,8216,0.07340946903935185,0.04541015625,0.7333333333333333
normalize_5s_intro_S-zQJFRX5Fg.wav,21581,0.19447157118055555,0.193603515625,0.8701298701298701
normalize_5s_intro_7ZgPGMfUVek.wav,8044,0.07255271629050926,0.073486328125,0.8771929824561403
normalize_5s_intro_Et-YdmSo_3A.wav,11497,0.10355631510416667,0.10791015625,0.6333333333333333
normalize_5s_intro_GsPq9mzFNGY.wav,5151,0.04642514829282408,0.040283203125,0.5507246376811594
normalize_5s_intro_0QN9KLFWn7I.wav,15620,0.1405300564236111,0.1396484375,0.5652173913043478
normalize_5s_intro_42O51bcJyq0.wav,15501,0.13951280381944445,0.135986328125,0.8333333333333334
normalize_5s_intro_Yyvo9O8fN-A.wav,2571,0.02313458478009259,0.02294921875,0.6271186440677966
normalize_5s_intro_v2seHL0pwbg.wav,3275,0.02953875506365741,0.016845703125,0.3896103896103896
normalize_5s_intro_uo8qDCDZhK0.wav,7659,0.06910762080439815,0.070068359375,0.9777777777777776
normalize_5s_intro_nn5nypm7GG8.wav,4362,0.03921847873263889,0.0361328125,0.5348837209302325
normalize_5s_intro_xqzOxMdhmzU.wav,4365,0.03934507016782408,0.025634765625,0.4125
normalize_5s_intro_EygNk739nnY.wav,10267,0.09233940972222222,0.076171875,0.7297297297297297
normalize_5s_intro_KKc_RMln5UY.wav,4277,0.038571958188657406,0.0341796875,0.75
normalize_5s_intro_SCBxmcwmX7U.wav,3946,0.035432038483796294,0.032470703125,0.6029411764705882
normalize_5s_intro_ZBBS4imv1qo.wav,12519,0.11290825737847222,0.11181640625,0.7023809523809523
normalize_5s_intro_j3DigipQ_hQ.wav,2926,0.026333279079861112,0.025390625,0.6774193548387096
normalize_5s_intro_MY4YJxn-9Og.wav,12170,0.10957618995949074,0.094970703125,0.42857142857142855
normalize_5s_intro_-8cFfkyk7vA.wav,12161,0.10966435185185185,0.104736328125,0.3625
normalize_5s_intro_EH1OEWJ9C5w.wav,4600,0.041445131655092594,0.04150390625,0.5287356321839081
normalize_5s_intro_9nWpMZFrbvI.wav,16308,0.14713315610532407,0.12109375,0.7333333333333333
normalize_5s_intro_i0MrGb1hT2U.wav,2326,0.020948621961805556,0.021240234375,0.59375
normalize_5s_intro_3gjfHYZ873o.wav,2376,0.021036783854166668,0.0185546875,0.4174757281553398
normalize_5s_intro_7LuQQP-DAoc.wav,11438,0.1030544704861111,0.104736328125,0.6103896103896104
normalize_5s_intro_jII5qoCrzYE.wav,6275,0.056507251880787035,0.050048828125,0.3896103896103896
normalize_5s_intro_xT1eOeXlTXg.wav,6973,0.06268988715277778,0.065185546875,0.21176470588235294
normalize_5s_intro_cUKD9tEeBp0.wav,7060,0.0636257595486111,0.058837890625,0.6027397260273972
normalize_5s_intro_1Ngn3fZIK2E.wav,4357,0.03922752097800926,0.03857421875,0.3764705882352941
normalize_5s_intro_j9KKh215HTs.wav,6292,0.05660671657986111,0.05126953125,0.525
normalize_5s_intro_4F1wvsJXXVY.wav,8646,0.0780368381076389,0.07421875,0.8181818181818182
normalize_5s_intro_lE_747E_Sdg.wav,6430,0.058033130787037035,0.055908203125,0.8833333333333333
normalize_5s_intro_S_-qkv0NZ1g.wav,3149,0.028313530815972224,0.02734375,0.46875
normalize_5s_intro_Tfypj4UwvvA.wav,5009,0.04469355830439815,0.03955078125,0.7380952380952381
normalize_5s_intro_d7to9URtLZ4.wav,14012,0.1260963722511574,0.12451171875,0.7397260273972602
normalize_5s_intro_SZaZU_qi6Xc.wav,20603,0.18577971281828703,0.18798828125,0.6551724137931034
normalize_5s_intro_mYa_9d2Daas.wav,10899,0.09832085503472222,0.08447265625,0.475609756097561
normalize_5s_intro_EfZ-dVDySzc.wav,7434,0.0668628833912037,0.0634765625,0.6333333333333333
normalize_5s_intro_68b_HImZAig.wav,16187,0.1456276222511574,0.14599609375,0.8615384615384616
normalize_5s_intro_zyQkFh-E4Ak.wav,6834,0.061577690972222224,0.059814453125,0.5087719298245614
normalize_5s_intro_TnsOVDCq_b0.wav,6078,0.054694281684027776,0.0556640625,0.7407407407407407
normalize_5s_intro_uo6VU4euIbY.wav,6616,0.05962230541087963,0.06005859375,0.72
normalize_5s_intro_mWfWyhzC22U.wav,9758,0.08794035734953703,0.074462890625,0.8235294117647058
normalize_5s_intro_Mme9REVuidw.wav,5224,0.047064887152777776,0.0458984375,0.6818181818181818
normalize_5s_intro_JQTlG7NxJek.wav,3746,0.03371627242476852,0.017822265625,0.3953488372093023
normalize_5s_intro_XkC8Uzl9pCY.wav,6339,0.05704978660300926,0.05859375,0.7692307692307693
normalize_5s_intro_1CrxzClzLvs.wav,5996,0.05364086009837963,0.05078125,0.6585365853658537
normalize_5s_intro_xePw8n4xu8o.wav,9761,0.0879833080150463,0.094482421875,0.5595238095238095
normalize_5s_intro_PALMMqZLAQk.wav,16414,0.14790400752314814,0.123046875,0.6714285714285714
